3

5 10
9 8 7 6 5 4 3 2 1 0
6 3 8 4 1 2 5 7 0 9
7 6 5 4 0 1 2 3 9 8
4 3 5 6 9 0 1 2 8 7
0 8 1 4 6 2 3 5 7 9
4 3 2 1 0
0 1 2 3 4
3 2 0 1 4
3 2 1 0 4
0 2 3 4 1
0 3 2 1 4
2 0 3 1 4
1 3 2 0 4
2 1 4 0 3
4 3 2 1 0

4 10
9 3 8 4 2 1 5 7 0 6
5 6 7 1 0 4 2 8 9 3
5 6 3 4 9 0 8 2 1 7
0 8 2 6 4 1 3 5 7 9
3 2 1 0
0 1 2 3
3 2 0 1
3 0 1 2
0 2 3 1
0 3 2 1
2 0 3 1
1 3 2 0
2 1 0 3
3 2 1 0

4 9
4 2 8 3 1 5 7 0 6
5 6 7 4 2 0 1 8 3
5 6 3 4 0 7 1 2 8
6 2 8 0 4 1 3 5 7
3 2 1 0
0 1 2 3
3 2 0 1
3 2 1 0
0 2 3 1
0 3 2 1
2 0 3 1
1 3 2 0
2 1 0 3
